7
2
9
27
3
3
2
6
7
1
5
141
6
181
12
21
7
131
71
153
106
250
42
35
5
60
20
38
28
154
108
29
132
17
180
122
3
104
48
6
8
16
7
86
255
39
63
3
1
118
54
45
48
14
12
68
80
4
101
1
40
203
2
32
145
16
82
121
67
15
9
6
5
92
38
8
66
51
7
60
1
68
51
21
7
8
102
4
304
5
175
161
48
60
7
162
6
89
25
38
184
17
205
54
27
4
80
205
53
37
36
86
65
1
7
162
3
12
3
11
170
7
48
6
70
182
97
114
1
2
17
161
3
67
59
9
6
68
146
211
455
15
55
155
72
142
51
27
258
289
42
18
203
10
38
27
81
58
112
17
42
22
58
212
77
39
28
64
122
62
12
42
83
43
79
199
15
12
33
14
11
48
152
97
9
24
260
100
89
407
17
128
3
232
27
4
4
99
36
55
93
1
5
8
141
1
131
52
86
66
313
63
35
278
199
13
5
36
190
119
50
4
5
40
12
78
21
33
3
53
14
4
42
31
2
2
5
5
2
1
12
35
1
1
2
17
1
54
16
99
190
198
183
34
57
115
13
99
6
20
7
5
290
1
2
14
81
168
183
120
26
76
44
1
8
35
21
2
5
21
3
27
19
1
29
9
48
34
52
16
98
189
27
48
75
48
326
22
3
5
269
32
96
61
19
76
8
241
2
76
12
2
179
5
219
39
87
195
1
45
53
219
132
136
6
74
68
57
230
26
12
46
36
10
71
22
48
20
58
3
140
63
424
68
38
163
101
283
426
236
18
64
65
35
10
18
91
21
48
6
10
32
35
123
44
28
150
2
116
231
42
23
29
42
9
10
10
58
27
4
87
2
6
130
127
598
28
2
370
175
10
23
81
37
3
1
6
41
7
370
204
2
21
216
141
159
257
342
2
122
136
99
282
46
43
9
112
46
155
238
105
7
5
41
85
2
68
333
25
347
152
70
40
43
2
33
76
29
11
374
12
200
1
140
44
126
8
33
86
17
198
44
150
128
77
3
3
16
32
13
6
3
3
10
4
5
8
1
1
16
6
21
36
26
17
2
44
32
13
29
163
81
48
10
29
27
44
108
29
7
65
552
23
93
1
103
462
1
25
9
25
5
183
27
181
31
91
349
320
200
437
181
271
663
6
80
1
25
251
105
4
21
1
36
50
41
11
12
53
11
232
59
120
6
176
26
146
97
5
175
56
11
128
635
84
50
156
5
10
43
324
19
82
737
1
39
4
344
109
16
238
131
126
14
19
7
262
9
236
329
8
227
17
6
125
16
335
68
1
9
233
25
82
51
162
66
17
29
22
9
29
34
50
24
299
1
5
96
163
50
3
9
38
42
21
96
49
338
15
127
1
3
5
36
24
58
39
7
35
49
210
12
125
42
24
87
9
54
2
8
25
88
33
83
70
23
43
30
164
165
1
1
7
6
7
29
45
66
25
42
4
5
10
19
5
8
41
65
29
6
19
7
90
3
17
76
1
79
40
113
105
153
1
13
13
21
21
46
1
46
45
49
3
2
49
139
72
78
218
130
50
50
52
60
181
68
13
31
22
79
6
19
59
60
141
1
39
71
52
27
77
23
37
12
10
25
21
4
44
232
25
123
74
72
119
8
64
111
17
248
31
19
25
317
146
51
400
70
364
43
82
293
39
57
42
108
86
44
23
65
10
93
91
31
54
2
15
31
72
191
91
144
433
43
342
184
262
1
11
80
189
213
119
32
121
42
40
50
71
272
33
193
490
58
7
48
103
37
96
181
258
21
35
243
24
83
9
8
87
21
143
142
82
118
436
68
9
54
20
14
18
78
948
392
21
53
10
647
199
103
2
12
52
168
7
5
299
205
25
54
558
30
98
197
258
406
4
61
94
69
158
359
68
23
42
206
2
33
23
13
62
65
62
78
3
121
72
1
15
8
80
336
361
57
122
10
20
26
5
68
16
133
27
11
1
10
85
31
2
5
18
476
4
1
344
84
65
176
48
48
129
12
43
21
7
10
187
100
98
153
83
1
178
76
113
15
10
114
72
86
59
43
6
9
112
7
125
66
210
615
43
28
44
7
8
726
217
40
53
78
14
37
17
294
100
235
55
188
47
110
178
36
70
391
219
14
95
108
1
30
26
65
23
66
85
22
181
1
5
6
69
58
8
11
142
644
15
103
33
117
17
70
3
120
26
32
200
4
6
34
29
218
317
175
7
184
78
228
905
94
4
285
21
199
84
40
13
3
10
13
69
41
13
270
10
38
116
3
3
71
38
34
31
25
29
80
120
18
110
28
17
18
23
123
134
69
3
24
3
1
145
3
34
65
7
21
60
21
18
7
8
17
41
184
1
9
2
6
30
26
30
11
250
54
67
2
18
2
15
74
5
2
1
81
22
18
11
24
33
59
62
11
1
75
62
130
43
18
24
18
125
185
3
113
3
21
3
42
31
1
40
20
127
150
13
40
2
37
86
99
26
373
265
23
3
112
10
139
62
24
4
63
1
2
12
1
15
207
217
1
5
264
38
54
81
131
124
45
12
44
84
11
46
113
25
4
42
400
346
5
113
63
46
40
186
261
20
8
51
75
61
33
75
170
181
52
9
18
110
8
2
37
52
109
168
84
318
73
6
205
151
33
15
47
31
12
59
40
39
29
146
9
125
45
340
34
112
186
23
6
2
5
23
21
11
1
9
11
1
3
16
3
1
3
31
15
44
31
3
26
15
124
3
12
65
18
45
45
23
8
51
143
99
256
52
129
7
155
472
68
79
1
71
5
219
117
16
10
286
165
139
117
13
53
222
21
3
18
49
250
598
88
11
8
12
263
147
62
104
17
17
3
2
16
1
19
206
11
15
52
7
1
4
5
1
7
125
23
47
121
26
104
27
19
30
1
206
60
153
116
8
5
40
92
19
24
18
43
46
294
24
85
399
96
94
405
83
52
143
66
13
135
16
78
163
262
31
5
34
138
233
9
17
18
17
67
94
109
4
69
25
176
38
43
6
32
1
27
29
92
36
19
34
5
24
57
7
13
15
11
17
2
4
9
20
47
4
78
41
464
62
1
107
352
36
102
2
5
14
113
27
15
21
57
79
45
46
25
216
59
108
7
56
45
2
124
2
17
42
75
379
48
14
12
96
54
76
8
29
33
52
18
17
31
56
51
29
58
332
8
3
7
18
8
4
31
10
2
27
1
31
3
41
15
166
7
48
19
50
65
25
40
11
13
10
22
1
1
2
2
40
48
70
49
1
19
5
137
32
49
345
85
56
97
210
13
5
115
277
85
45
29
172
60
7
120
60
268
7
1
206
133
112
513
9
49
86
218
90
22
5
37
194
29
111
2
7
166
24
27
11
178
7
3
30
85
11
123
102
37
11
174
42
4
24
20
26
127
44
172
12
113
113
281
197
3
1
3
99
183
481
27
10
87
11
16
25
34
10
14
15
5
7
21
41
47
42
3
27
63
42
58
24
77
147
1
15
79
104
152
399
317
61
113
284
1
27
43
12
29
3
25
1
38
4
25
361
20
18
89
15
82
118
36
599
139
235
107
3
50
15
67
56
102
85
37
77
17
195
392
514
127
41
54
214
367
155
6
134
20
15
105
68
14
63
47
125
34
18
14
1
104
2
17
11
58
27
82
1
16
12
28
24
53
2
26
42
28
161
112
6
68
9
14
71
23
19
30
164
212
77
109
28
22
203
79
143
16
56
41
63
16
21
27
5
90
473
28
1
128
56
121
93
91
149
124
66
5
50
34
14
5
33
13
44
1
30
2
18
64
118
67
9
10
109
127
215
213
113
25
1
13
108
2
47
4
5
50
18
7
163
29
353
31
3
1
18
4
123
497
48
52
34
126
11
5
1
6
21
30
21
5
46
196
17
3
17
7
2
7
46
15
8
50
10
92
10
4
29
49
5
29
4
20
3
56
68
16
5
21
44
5
3
38
9
27
85
19
21
7
10
30
23
21
17
36
7
14
24
50
69
3
2
3
3
1
16
18
2
20
52
42
160
144
9
88
1
32
5
49
33
21
1
182
56
73
54
43
24
16
12
427
8
157
176
134
12
37
64
5
22
1
24
283
6
7
2
36
117
73
1
17
160
76
41
62
30
38
34
164
21
127
17
483
97
50
204
58
37
98
17
79
61
69
75
116
21
17
243
198
9
30
16
9
39
145
13
11
21
89
184
108
74
7
2
71
87
165
328
63
17
480
217
6
32
46
9
1
7
3
16
44
56
32
4
186
25
490
121
116
10
233
587
2
72
29
11
1
3
6
7
13
47
70
6
25
5
9
16
18
29
6
8
14
17
19
70
59
10
28
16
71
13
320
51
96
106
4
116
150
126
24
13
4
114
113
10
105
191
76
224
115
37
36
6
6
97
160
270
37
46
76
159
49
80
47
297
10
33
163
183
62
160
294
41
2
220
64
9
72
41
1
177
222
26
29
171
145
333
121
7
26
168
69
563
1
129
353
99
11
440
2
162
7
114
43
42
238
132
30
88
78
101
324
49
216
38
63
179
19
70
1
127
30
34
189
70
147
404
19
202
31
51
105
3
4
162
197
25
71
2
160
4
179
32
6
3
93
8
6
39
64
13
1
33
46
34
2
26
2
18
9
3
10
11
148
308
109
2
87
128
79
28
10
39
14
33
7
143
735
207
353
279
70
65
248
484
26
112
121
11
96
107
151
47
33
32
114
7
6
54
6
116
81
10
8
40
325
55
203
235
182
95
144
14
6
5
76
208
7
231
67
41
232
13
71
27
1
20
17
28
34
10
8
3
94
330
9
167
219
387
1
21
194
11
6
11
17
123
16
20
44
49
19
23
4
8
16
13
87
17
15
1
3
13
28
21
9
56
12
3
8
23
48
16
52
43
12
143
17
617
82
61
39
11
66
176
6
3
10
12
13
9
26
30
18
2
3
52
15
16
7
15
10
9
1
26
27
8
5
88
96
69
97
10
25
7
327
120
45
16
99
67
28
2
9
8
24
55
24
1
904
80
53
166
7
80
34
173
6
43
429
51
42
56
60
93
5
26
94
27
6
29
5
51
50
24
10
6
13
117
403
8
10
136
259
14
161
52
4
290
87
43
235
19
8
4
22
5
56
4
205
20
80
13
21
69
82
73
143
140
17
15
9
12
7
98
283
421
139
46
179
184
247
47
138
3
167
576
51
95
75
536
6
5
26
204
275
81
17
26
109
24
129
3
6
391
1
239
316
147
99
376
1
9
196
20
32
71
139
2
34
3
590
80
42
143
23
126
13
4
4
21
54
45
46
196
12
7
56
26
9
24
39
2
41
1
19
102
12
9
287
3
27
59
3
10
63
7
46
9
56
6
18
324
36
8
20
18
103
19
2
160
102
16
61
272
155
649
111
96
27
300
212
10
15
98
81
4
1
175
1
540
13
1
205
206
35
23
1
4
4
235
6
54
11
1
6
56
39
2
269
24
31
25
14
8
25
201
3
175
147
83
73
189
29
1
16
29
25
27
90
41
38
119
214
116
6
11
37
116
58
92
76
167
52
2
9
12
25
1
139
27
10
27
179
11
26
9
3
1
2
4
2
15
3
3
3
1
3
3
3
14
10
7
40
4
1
1
12
14
31
49
23
6
1
4
8
98
29
2
1
259
12
199
62
1
1
7
34
39
8
24
17
32
8
22
1
11
6
9
2
46
14
21
2
153
127
119
33
464
126
103
277
10
35
6
20
593
18
4
1
256
26
7
94
81
270
12
64
384
5
25
4
57
3
16
36
2
56
31
23
6
25
3
12
23
6
28
50
16
3
42
19
32
55
45
14
1
58
163
177
4
331
250
32
42
99
189
224
5
103
32
38
373
404
22
83
48
112
14
107
221
3
188
6
103
49
20
152
57
159
87
166
151
63
41
40
169
2
482
158
3
87
75
14
13
31
24
174
5
7
225
132
20
188
2
4
21
11
13
15
1
6
1
1
2
89
30
2
1
14
17
2
142
42
48
32
233
311
26
4
45
45
1
6
209
31
21
4
4
36
63
37
35
22
68
16
90
266
3
77
1
53
9
4
130
22
50
70
4
21
2
66
212
147
18
22
74
2
73
1
79
17
5
259
302
41
9
198
6
1
19
40
19
42
240
22
28
357
49
131
306
91
121
15
298
3
240
105
348
23
196
146
310
4
170
10
149
444
159
4
24
2
25
52
204
236
22
26
3
1
2
6
1
22
17
18
3
36
38
14
181
68
151
44
26
60
201
25
99
11
40
106
46
108
100
7
8
103
1
5
4
151
42
201
1
74
234
1
45
113
25
19
57
132
103
26
48
356
8
117
4
148
84
170
161
42
2
20
338
65
33
26
19
19
87
141
73
6
6
12
74
29
64
399
76
185
74
13
5
7
7
47
14
15
4
83
160
8
5
246
65
54
113
24
14
38
9
3
30
3
39
15
47
4
2
35
172
97
359
491
32
172
35
1
84
86
575
376
283
565
21
5
3
7
10
5
47
23
31
218
10
49
13
1
38
10
72
432
309
22
816
80
223
249
154
1
108
230
360
46
337
389
65
577
22
36
3
128
7
2
3
9
9
36
43
2
10
31
7
11
11
122
1
89
5
126
143
445
13
4
3
3
155
6
49
222
289
16
11
76
46
14
8
18
20
8
13
65
4
4
2
44
34
28
30
348
41
6
274
26
2
67
253
42
48
59
152
1
6
12
28
386
53
53
218
11
65
95
190
214
51
37
14
3
1
1
14
16
72
23
16
57
39
137
69
2
212
225
132
183
20
27
79
183
81
193
24
2
231
83
139
71
73
116
94
100
62
9
9
268
78
27
2
25
11
179
79
105
21
96
308
46
34
171
53
4
3
1
5
15
15
77
147
14
43
35
27
9
155
59
6
1
95
6
7
9
43
8
30
5
9
31
4
26
3
5
4
62
229
55
7
13
6
204
137
167
252
62
63
73
63
190
124
38
5
57
385
498
74
65
91
10
130
63
22
115
60
541
281
146
7
3
40
98
7
4
2
107
130
126
55
125
123
138
107
96
2
234
114
80
94
155
17
2
125
1
3
127
75
12
2
10
56
35
108
5
48
25
54
44
56
57
113
20
12
156
41
234
67
7
5
9
95
127
30
1
8
411
46
355
72
150
27
249
4
61
22
111
31
15
39
6
6
136
103
7
45
102
291
54
2
285
75
417
35
44
193
129
5
70
89
38
37
79
122
47
10
2
2
3
16
557
43
13
14
20
1
18
10
5
4
1
2
8
5
84
7
9
80
18
111
24
2
12
50
31
4
1
2
55
276
13
2
63
244
131
42
11
22
3
5
84
6
30
75
28
3
21
13
3
18
23
20
5
27
18
3
6
1
22
68
157
742
70
69
3
18
23
39
8
131
186
123
25
6
3
4
33
120
129
100
147
12
270
38
219
211
38
439
1
6
5
1
1
1
6
75
22
31
21
74
397
100
37
7
36
29
58
119
67
2
4
186
23
8
69
10
207
318
47
290
2
1
13
7
4
246
106
25
185
31
33
5
5
11
69
1
79
262
164
50
187
57
278
19
12
137
14
21
12
158
10
58
21
174
766
618
576
19
1
18
1
196
275
167
123
398
65
53
115
35
1
11
11
151
17
1
27
9
26
9
14
1
17
22
3
46
11
1
6
6
9
7
5
25
6
19
11
23
27
12
11
7
93
25
4
96
13
3
63
5
20
3
3
7
29
6
16
6
98
18
43
86
3
15
233
128
4
126
417
9
1
4
25
536
31
139
9
62
2
20
9
279
216
74
110
11
5
50
45
23
45
58
2
26
16
7
8
18
40
160
246
112
46
54
20
480
11
61
244
189
31
188
47
5
47
46
38
23
15
146
11
4
14
59
34
52
110
2
14
21
157
41
227
30
93
73
271
63
58
1
1
1
18
2
193
4
7
3
3
9
19
9
1
15
11
7
10
6
23
25
10
27
1
1
4
32
104
149
7
11
80
24
5
26
25
21
141
108
7
23
1
1
12
120
2
118
41
16
38
18
41
37
24
47
97
45
81
8
30
2
19
3
23
5
38
102
159
48
130
22
1
6
399
52
109
80
68
165
136
230
77
334
225
132
4
43
137
12
22
1
19
3
43
37
22
106
63
23
209
120
23
43
59
99
152
1
21
74
11
73
45
46
350
127
9
13
329
243
4
8
168
110
36
42
3
77
13
73
18
112
45
134
327
6
219
138
338
158
176
16
397
3
208
7
187
10
4
22
5
83
101
22
13
5
64
179
66
287
21
11
1
71
34
95
140
69
348
7
8
30
1
3
3
1
1
163
81
189
96
12
68
98
45
9
27
18
59
81
19
39
8
35
57
22
2
18
15
2
3
5
10
7
14
18
1
5
36
11
54
7
1
17
35
58
7
1
2
2
45
3
2
2
5
2
1
1
3
9
130
27
130
149
44
70
265
25
28
46
81
5
7
15
225
59
42
113
8
14
1
2
5
38
3
107
6
7
153
56
272
323
79
144
17
70
2
25
171
17
17
40
17
70
18
22
10
4
56
61
113
54
9
9
59
61
81
647
141
253
130
17
21
10
29
99
34
8
19
65
24
87
84
128
186
26
85
21
80
70
29
73
1
11
28
13
1
5
39
26
103
25
7
109
59
66
102
26
39
111
30
33
9
19
53
202
80
29
42
11
11
126
573
103
96
102
90
41
308
10
58
23
92
117
45
94
668
369
16
61
66
129
17
16
31
19
12
43
101
9
15
189
23
68
6
89
6
9
85
77
20
102
149
35
1
102
198
122
770
7
80
19
186
68
149
11
190
84
98
27
98
17
121
431
16
186
180
63
55
78
69
1
5
90
88
63
116
77
6
198
738
103
109
15
64
58
30
3
120
7
3
79
146
28
77
86
85
2
9
34
29
38
204
307
96
15
8
3
2
10
10
2
20
53
9
3
29
68
3
22
1
1
1
18
19
90
11
106
18
138
31
42
37
3
34
53
6
2
53
1
5
1
16
28
43
115
122
94
26
199
26
17
17
47
132
144
5
29
2
2
124
204
84
5
111
9
4
17
80
101
122
2
100
30
87
7
44
26
8
52
15
157
1
9
27
46
3
89
554
151
15
4
141
62
35
97
207
10
50
293
18
1
17
269
65
28
2
9
139
6
27
76
3
64
4
4
50
108
432
51
46
36
35
3
32
18
9
86
7
117
44
100
8
23
112
43
274
35
169
2
90
39
19
420
385
206
26
617
162
6
7
119
15
39
16
19
21
161
55
7
146
35
9
2
42
29
84
11
78
5
13
11
133
104
14
1
20
1
143
68
13
68
5
19
4
149
1
9
61
42
1
65
184
87
50
4
34
74
294
167
227
6
15
128
92
169
466
229
228
181
5
251
12
7
52
56
62
3
10
35
107
14
29
14
8
10
9
9
3
6
2
20
12
1
2
46
39
6
25
12
43
1
37
24
28
15
49
1
79
60
5
4
17
72
7
104
91
62
153
104
67
19
18
21
350
131
389
73
3
5
15
111
332
43
19
51
57
7
16
92
47
3
7
67
7
5
22
11
5
11
1
5
7
1
6
9
53
93
8
16
7
16
13
39
34
14
14
5
5
50
10
33
37
60
94
2
43
2
38
27
19
7
8
184
55
6
4
70
68
25
17
24
35
150
170
59
109
71
262
22
234
106
35
4
54
36
154
188
53
91
237
66
48
112
2
86
400
133
41
390
6
18
1
1
5
93
116
4
205
63
1145
34
77
9
248
130
62
89
14
112
22
88
10
22
33
13
248
2
44
4
49
368
70
23
300
20
177
190
6
129
177
655
144
104
33
47
100
4
18
33
34
36
30
1
1
3
12
1
1
1
1
6
28
32
38
12
8
4
18
67
6
98
64
83
75
137
20
7
181
9
33
48
35
71
1
169
38
73
97
343
22
213
222
11
65
5
22
92
29
35
287
1
170
3
2
3
331
8
191
164
17
75
33
56
60
84
243
287
14
17
26
69
16
50
90
174
358
414
411
52
517
726
230
39
20
24
1
24
12
43
41
22
8
31
102
88
96
117
25
130
25
294
79
1
44
7
82
107
1
96
8
9
63
326
1
114
173
53
53
31
85
200
86
151
64
99
47
301
66
130
271
74
66
46
106
5
17
36
1
3
10
73
34
88
47
16
5
4
12
4
2
4
6
23
60
27
15
56
20
49
105
12
527
16
38
48
29
170
45
193
11
253
48
79
29
8
1
5
25
49
8
1
4
14
26
58
92
33
13
4
70
107
61
1
1
1
2
1
49
39
28
77
125
17
13
147
14
81
239
295
19
36
9
77
15
57
31
86
1
13
4
3
1
1
3
1
4
1
9
3
4
56
28
81
11
65
300
553
389
1
82
166
109
8
81
54
86
21
140
130
18
99
122
36
56
351
235
489
2
27
27
30
39
27
37
35
82
289
15
40
53
87
905
126
7
23
765
121
59
17
16
3
11
68
32
9
9
9
10
20
3
1
22
63
23
21
14
61
38
73
205
16
6
117
36
58
24
15
12
59
49
140
20
105
80
24
194
15
39
198
13
131
46
45
200
1
53
23
6
19
22
1
161
3
49
18
10
26
6
3
4
38
4
176
5
20
40
14
31
6
68
5
4
11
3
46
5
29
32
77
32
57
272
7
26
3
7
12
116
1
2
46
216
237
1
28
7
64
4
25
1
232
25
2
16
7
52
56
138
2
134
13
2
47
2
14
134
65
5
16
10
90
85
120
15
15
26
21
24
138
103
21
336
114
212
45
84
28
33
3
68
141
26
286
62
73
18
125
3
53
9
5
26
61
43
62
122
4
15
34
7
171
70
18
18
1
1
1
203
175
1
47
32
33
120
21
653
44
136
6
1
32
3
38
77
138
9
7
180
232
103
4
25
7
84
178
5
30
10
10
127
43
21
4
16
123
423
142
32
34
4
5
16
12
68
93
150
39
150
39
51
14
222
31
104
6
11
24
44
5
6
1
3
1
51
48
3
145
5
13
59
11
253
15
223
31
155
51
35
138
208
621
25
327
262
18
15
17
155
4
122
447
76
103
312
11
122
430
51
494
10
176
343
11
24
116
216
415
81
262
512
1
25
20
86
265
4
99
7
82
57
48
657
114
66
54
4
174
353
1
83
17
95
167
2
114
8
26
36
4
6
45
28
45
70
1
16
17
12
55
51
17
28
22
86
35
61
71
1
6
100
52
38
29
41
9
24
19
4
8
15
2
37
18
34
10
8
6
1
5
18
23
12
9
1
2
20
11
19
14
2
6
3
9
6
19
40
24
22
5
26
29
18
33
39
12
12
4
1
1
26
11
10
61
54
2
64
7
15
31
27
6
1
1
60
5
15
28
18
41
5
4
2
9
113
9
89
21
17
17
26
10
147
49
7
71
2
5
5
1
2
1
9
1
1
5
4
2
5
3
2
8
1
3
1
3
14
7
12
2
1
1
4
2
3
1
2
1
5
1
1
14
1
8
92
10
2
20
64
492
105
202
21
18
7
7
44
37
29
107
54
13
30
3
5
22
74
4
145
15
18
3
54
18
3
2
22
35
5
1
25
19
57
2
2
1
2
39
15
3
13
102
1
1
2
12
60
9
47
12
2
16
3
28
1
8
40
35
6
66
2
25
59
34
36
99
38
17
48
39
17
34
37
67
15
32
13
29
2
7
14
25
7
20
12
6
110
33
5
1
7
31
9
31
1
75
3
29
2
1
6
14
17
45
103
21
13
1
17
29
1
56
53
2
19
11
10
5
7
63
24
8
95
11
110
3
13
163
78
46
58
120
100
2
26
30
77
16
10
150
47
381
66
424
567
37
81
164
122
44
96
249
115
23
7
211
15
4
3
36
53
5
32
33
7
25
27
1
3
47
256
27
69
53
5
12
137
45
28
18
79
55
43
17
42
437
484
107
23
140
75
6
83
105
170
34
29
12
61
19
112
5
181
223
280
3
2
162
131
19
51
154
48
526
160
76
17
107
12
179
91
344
146
12
15
1
19
1
33
119
18
16
99
47
9
115
8
185
27
62
28
20
21
30
42
17
13
10
16
60
5
2
30
28
24
9
163
58
11
254
2
306
94
6
21
3
145
128
12
45
719
14
40
70
24
191
54
1
38
145
17
84
10
122
73
11
9
18
20
153
69
1
22
25
208
48
11
10
25
1
52
4
3
13
66
10
34
53
80
22
13
15
60
1
3
52
16
2
6
16
5
70
1
4
17
10
43
1
9
36
9
28
4
29
18
375
132
120
75
99
48
86
124
9
49
76
402
13
62
4
22
64
47
73
39
81
98
1
31
4
264
8
6
170
59
39
30
82
119
142
17
520
45
28
2
9
83
7
2
22
32
57
12
49
1
2
8
8
7
4
1
1
4
4
1
2
10
1
1
23
2
2
1
1
12
12
1
15
10
6
1
16
1
15
1
36
5
5
11
5
17
5
7
5
6
12
10
6
5
2
32
29
1
21
3
6
3
6
5
3
5
91
9
9
4
30
2
67
90
47
76
471
14
1
48
50
207
110
234
187
83
272
19
12
220
121
50
10
18
6
4
82
75
164
140
49
76
181
314
309
175
25
28
9
22
1
17
43
17
43
9
18
11
11
10
64
21
53
9
6
20
34
100
47
33
221
145
75
159
77
44
169
17
17
12
2
139
28
93
100
35
4
14
1
2
2
20
19
14
17
1
25
5
28
8
7
14
2
18
25
2
23
68
94
8
16
3
2
1
3
4
2
6
7
13
6
10
39
5
3
9
6
1
1
7
32
18
48
9
1
4
10
7
13
30
19
7
2
3
16
1
23
9
1
14
3
1
1
1
6
1
25
11
1
9
17
1
5
3
6
10
4
3
3
1
1
3
4
1
6
3
1
2
7
6
1
3
8
31
8
10
2
15
2
1
24
5
17
4
4
3
5
2
2
12
6
27
24
21
5
24
10
10
1
4
2
7
5
2
1
8
6
7
8
12
22
3
52
50
147
4
58
41
36
18
14
18
6
5
13
35
3
5
15
1
23
1
8
31
4
82
3
4
5
2
5
3
12
20
9
38
15
25
16
11
12
2
20
6
9
4
17
5
4
2
2
2
1
6
6
2
1
3
1
3
4
1
3
1
2
1
13
2
49
8
29
9
12
2
3
20
10
2
6
11
23
1
7
19
1
12
5
3
2
2
5
18
28
12
4
28
8
1
6
7
24
19
9
5
1
13
12
3
3
2
4
3
2
33
2
12
13
6
22
4
10
3
1
4
10
3
16
9
17
1
10
2
1
9
41
16
18
7
1
2
15
3
14
22
15
8
3
5
1
1
54
10
11
86
1
9
4
7
3
30
9
3
32
11
15
2
2
11
6
20
12
10
2
32
2
7
1
6
1
2
2
11
18
4
3
2
12
2
19
1
7
14
1
88
5
65
18
2
1
11
2
2
4
3
2
9
2
1
7
22
36
35
22
2
13
398
10
13
45
2
7
11
10
6
4
1
15
4
2
38
60
35
5
15
26
28
29
4
31
13
4
29
15
20
2
21
38
29
29
42
17
95
57
58
29
13
23
39
88
35
142
5
80
2
6
14
5
35
27
39
117
15
31
9
183
6
50
9
13
23
59
12
9
9
7
3
35
2
28
14
42
4
36
38
6
119
6
2
8
4
1
7
20
17
4
3
9
4
1
1
1
2
11
3
14
1
14
18
1
10
21
76
166
18
6
48
23
2
10
107
11
23
4
55
1
1
14
6
9
30
17
8
7
6
3
5
32
9
31
100
14
5
1
36
217
2
9
12
6
15
1
12
9
24
6
14
2
2
57
8
26
5
2
11
8
4
7
4
3
11
21
3
8
14
92
78
16
183
3
88
52
1
23
1
7
21
3
188
5
170
1
118
17
7
2
16
21
143
44
55
99
13
5
38
152
27
5
54
19
9
26
50
11
30
15
14
15
8
4
12
36
62
54
72
20
4
18
1
14
15
23
2
1
10
11
11
24
50
29
1
61
42
7
11
1
48
3
14
28
14
2
17
1
17
58
118
1
164
16
8
7
8
141
4
40
9
34
89
16
5
13
1
30
23
34
2
5
62
4
11
50
5
1
4
20
28
8
2
33
1
8
3
2
1
9
4
1
1
4
1
1
1
